Expresii Stroke File 0.3
Record time: 2020.06.20 2:03:22 PM
Format: Command [x y z Pitch Roll Turn Pressure]
T   0.00000 
w   0.03000 
C   1.00000 
B   9.00000 
e   0.00000 
s  -8.03799   0.97500  -7.89064 -28.67558 -44.62919   0.00000   0.00000 
b   0.01000   0.00000   0.00000   0.00000   0.00000   0.00000   0.00000   0.00000   0.00000   0.00000   0.00000   0.00000   0.00000   0.00000   0.00000   0.00000   0.00000   0.00000   0.00000   0.00000   0.00000   0.00000   0.00000   0.00000   0.00000   0.01000   0.00000   0.00000   0.00000   0.00000 
s   1.99703   0.97500  -3.79108 -28.67558 -44.62919   0.00000   0.00000 
s   1.97104  -0.69655  -3.93399 -22.95342 -32.22161   0.00000   0.37146 
s   2.02746  -0.80213  -3.90654 -22.70902 -30.96883   0.00000   0.39492 
s   2.02180  -0.96048  -3.90477 -22.68320 -30.84392   0.00000   0.43011 
s   2.00955  -1.34318  -3.90458 -22.68060 -30.83144   0.00000   0.51515 
s   1.97065  -1.72148  -3.90456 -22.68034 -30.83019   0.00000   0.59922 
s   1.91869  -1.98541  -3.90456 -22.68031 -30.83006   0.00000   0.65787 
s   1.87972  -2.02940  -3.87858 -22.68031 -30.83005   0.00000   0.66764 
s   1.85374  -2.11738  -3.85259 -22.68031 -30.83005   0.00000   0.68719 
s   1.81476  -2.28013  -3.74866 -22.68031 -30.83005   0.00000   0.72336 
s   1.81476  -2.27573  -3.70969 -22.68031 -30.83005   0.00000   0.72239 
s   1.81476  -2.28013  -3.68371 -22.68031 -30.83005   0.00000   0.72336 
s   1.86673  -2.30213  -3.63174 -22.21900 -31.10347   0.00000   0.72825 
s   1.90329  -2.33292  -3.61540 -21.94680 -30.00194   0.00000   0.73509 
s   1.98773  -2.30652  -3.61342 -21.91863 -29.89216   0.00000   0.72923 
s   2.02736  -2.36371  -3.61322 -21.91581 -29.88119   0.00000   0.74194 
s   2.09238  -2.33292  -3.63918 -21.91552 -29.88009   0.00000   0.73509 
s   2.14435  -2.31972  -3.73011 -21.91549 -29.87998   0.00000   0.73216 
s   2.15734  -2.35931  -3.76909 -21.91549 -29.87997   0.00000   0.74096 
s   2.17033  -2.33292  -3.80806 -21.91549 -29.87997   0.00000   0.73509 
s   2.17033  -2.29773  -3.92499 -21.66691 -28.75887   0.00000   0.72727 
s   2.15112  -2.30652  -3.94916 -21.64092 -28.64717   0.00000   0.72923 
s   2.08685  -2.25374  -3.97495 -21.63831 -28.63600   0.00000   0.71750 
s   2.00897  -2.22295  -3.97493 -21.63805 -28.63488   0.00000   0.71065 
s   1.93102  -2.07779  -3.94894 -21.88890 -29.75506   0.00000   0.67840 
s   1.88527  -1.91503  -3.93778 -22.35386 -29.59143   0.00000   0.64223 
s   1.87400  -1.76547  -3.90219 -22.40012 -29.57468   0.00000   0.60899 
s   1.87417  -0.82412  -3.82458 -22.65342 -30.70415   0.00000   0.39980 
s   1.86747   1.16700  -3.80044 -22.90368 -31.95534   0.00000   0.00000 
s  11.57614   0.97500  -6.01280  -1.05277  -0.00860   0.00000   0.00000 
s  11.57614   0.97500  -6.01280  -1.05277  -0.00860   0.00000   0.41349 
s  11.57614   0.97500  -6.01280  -1.05277  -0.00860   0.00000   0.43011 
s  11.57614   0.97500  -6.01280  -1.05277  -0.00860   0.00000   0.45455 
s  11.57614   0.97500  -6.01280  -1.05277  -0.00860   0.00000   0.47116 
s  11.57614   0.97500  -6.01280  -1.05277  -0.00860   0.00000   0.47116 
s  11.57614   0.97500  -6.01280  -1.05277  -0.00860   0.00000   0.48387 
s  11.57614   0.97500  -6.01280  -1.05277  -0.00860   0.00000   0.48289 
s  11.57614   0.97500  -6.01280  -1.05277  -0.00860   0.00000   0.48974 
s  11.57614   0.97500  -6.01280  -1.05277  -0.00860   0.00000   0.48485 
s  11.57614   0.97500  -6.01280  -1.05277  -0.00860   0.00000   0.49071 
s  11.57614   0.97500  -6.01280  -1.05277  -0.00860   0.00000   0.50049 
s  11.57614   0.97500  -6.01280  -1.05277  -0.00860   0.00000   0.49462 
B   8.00000 
B   8.00000 
B   8.00000 
s   0.03982   0.73125   1.27742  -1.05277  -0.00860   0.00000   0.50147 
s   0.03982   0.73125   1.27742  -1.05277  -0.00860   0.00000   0.50244 
s   0.03982   0.73125   1.27742  -1.05277  -0.00860   0.00000   0.50049 
s   0.03982   0.73125   1.27742  -1.05277  -0.00860   0.00000   0.50831 
s   0.03982   0.73125   1.27742  -1.05277  -0.00860   0.00000   0.50538 
s   0.03982   0.73125   1.27742  -1.05277  -0.00860   0.00000   0.50147 
s   0.03982   0.73125   1.27742  -1.05277  -0.00860   0.00000   0.51026 
s   0.03982   0.73125   1.27742  -1.05277  -0.00860   0.00000   0.50831 
s   0.03982   0.73125   1.27742  -1.05277  -0.00860   0.00000   0.51026 
s   0.03982   0.73125   1.27742  -1.05277  -0.00860   0.00000   0.50538 
s   0.03982   0.73125   1.27742  -1.05277  -0.00860   0.00000   0.50440 
s   0.03982   0.73125   1.27742  -1.05277  -0.00860   0.00000   0.50342 
s   0.03982   0.73125   1.27742  -1.05277  -0.00860   0.00000   0.51026 
s   0.03982   0.73125   1.27742  -1.05277  -0.00860   0.00000   0.50733 
s   0.03982   0.73125   1.27742  -1.05277  -0.00860   0.00000   0.51124 
s   0.03982   0.73125   1.27742  -1.05277  -0.00860   0.00000   0.50635 
s   0.03982   0.73125   1.27742  -1.05277  -0.00860   0.00000   0.50635 
s   0.03982   0.73125   1.27742  -1.05277  -0.00860   0.00000   0.51124 
s   0.03982   0.73125   1.27742  -1.05277  -0.00860   0.00000   0.50635 
s   0.03982   0.73125   1.27742  -1.05277  -0.00860   0.00000   0.50635 
s   0.03982   0.73125   1.27742  -1.05277  -0.00860   0.00000   0.50538 
s   0.03982   0.73125   1.27742  -1.05277  -0.00860   0.00000   0.50342 
s   0.03982   0.73125   1.27742  -1.05277  -0.00860   0.00000   0.50733 
s   0.03982   0.73125   1.27742  -1.05277  -0.00860   0.00000   0.50244 
s   0.03982   0.73125   1.27742  -1.05277  -0.00860   0.00000   0.46432 
s   0.03982   0.73125   1.27742  -1.05277  -0.00860   0.00000   0.40958 
s   0.03982   0.73125   1.27742  -1.05277  -0.00860   0.00000   0.40958 
s   0.03982   0.73125   1.27742  -1.05277  -0.00860   0.00000   0.00000 
b   0.01000   0.00000   0.00000   0.00000   0.00000   0.00000   0.00000   0.00000   0.00000   0.00000   0.00000   0.00000   0.00000   0.00000   0.00000   0.00000   0.00000   0.00000   0.00000   0.00000   0.00000   0.00000   0.00000   0.00000   0.00000   0.01000   0.00000   0.00000   0.00000   0.00000 
s   3.10578   0.73125  -0.80120  -1.05277  -0.00860   0.00000   0.00000 
s   3.05382  -1.70350  -0.82718 -15.83285 -30.39738   0.00000   0.72141 
s   3.05382  -1.91794  -0.82718 -15.87695 -30.27082   0.00000   0.78495 
s   2.89023  -2.04331  -0.87434 -14.36902 -28.67582   0.00000   0.82209 
s   2.89698  -2.06640  -0.83978 -14.22287 -28.51576   0.00000   0.82893 
s   2.92367  -2.05981  -0.82595 -14.20831 -28.49975   0.00000   0.82698 
s   2.97570  -2.09610  -0.78689 -14.20685 -28.49815   0.00000   0.83773 
s   3.06665  -2.10599  -0.70894 -13.26288 -27.78597   0.00000   0.84066 
s   3.10859  -2.13239  -0.66456 -13.17026 -27.71414   0.00000   0.84848 
s   3.14787  -2.15548  -0.62506 -13.16101 -27.70695   0.00000   0.85533 
s   3.17389  -2.13898  -0.59902 -12.68755 -26.82349   0.00000   0.85044 
s   3.19110  -2.11589  -0.58331 -12.64058 -26.73526   0.00000   0.84360 
s   3.20452  -2.12579  -0.58304 -12.63588 -26.72643   0.00000   0.84653 
s   3.20456  -2.10269  -0.57002 -12.63541 -26.72555   0.00000   0.83969 
s   3.20456  -2.13569  -0.57002 -12.63537 -26.72547   0.00000   0.84946 
s   3.20456  -2.07630  -0.57002 -12.63536 -26.72545   0.00000   0.83187 
s   3.20456  -2.07960  -0.57002 -12.63536 -26.72545   0.00000   0.83284 
s   3.20456  -1.83547  -0.57002 -12.63536 -26.72545   0.00000   0.76051 
s   3.17858   0.42773  -0.59600 -11.74698 -28.07332   0.00000   0.08993 
s   3.17118   0.87525  -0.62986 -11.59801 -29.24536   0.00000   0.00000 
s  11.63875   0.73125  -6.29036  -0.00294  -2.61581   0.00000   0.00000 
s  11.63875   0.73125  -6.29036  -0.00294  -2.61581   0.00000   0.35582 
s  11.63875   0.73125  -6.29036  -0.00294  -2.61581   0.00000   0.38319 
s  11.63875   0.73125  -6.29036  -0.00294  -2.61581   0.00000   0.41056 
s  11.63875   0.73125  -6.29036  -0.00294  -2.61581   0.00000   0.42326 
s  11.63875   0.73125  -6.29036  -0.00294  -2.61581   0.00000   0.44282 
s  11.63875   0.73125  -6.29036  -0.00294  -2.61581   0.00000   0.44575 
s  11.63875   0.73125  -6.29036  -0.00294  -2.61581   0.00000   0.45455 
s  11.63875   0.73125  -6.29036  -0.00294  -2.61581   0.00000   0.45846 
s  11.63875   0.73125  -6.29036  -0.00294  -2.61581   0.00000   0.45748 
s  11.63875   0.73125  -6.29036  -0.00294  -2.61581   0.00000   0.45357 
s  11.63875   0.73125  -6.29036  -0.00294  -2.61581   0.00000   0.45552 
s  11.63875   0.73125  -6.29036  -0.00294  -2.61581   0.00000   0.45748 
s  11.63875   0.73125  -6.29036  -0.00294  -2.61581   0.00000   0.46139 
s  11.63875   0.73125  -6.29036  -0.00294  -2.61581   0.00000   0.45650 
s  11.63875   0.73125  -6.29036  -0.00294  -2.61581   0.00000   0.46432 
s  11.63875   0.73125  -6.29036  -0.00294  -2.61581   0.00000   0.46041 
s  11.63875   0.73125  -6.29036  -0.00294  -2.61581   0.00000   0.46530 
s  11.63875   0.73125  -6.29036  -0.00294  -2.61581   0.00000   0.45846 
s  11.63875   0.73125  -6.29036  -0.00294  -2.61581   0.00000   0.46237 
B   7.00000 
B   7.00000 
B   7.00000 
s   0.02960   0.48750   1.28361  -0.00294  -2.61581   0.00000   0.46530 
s   0.02960   0.48750   1.28361  -0.00294  -2.61581   0.00000   0.46237 
s   0.02960   0.48750   1.28361  -0.00294  -2.61581   0.00000   0.46628 
s   0.02960   0.48750   1.28361  -0.00294  -2.61581   0.00000   0.45943 
s   0.02960   0.48750   1.28361  -0.00294  -2.61581   0.00000   0.46432 
s   0.02960   0.48750   1.28361  -0.00294  -2.61581   0.00000   0.45846 
s   0.02960   0.48750   1.28361  -0.00294  -2.61581   0.00000   0.46041 
s   0.02960   0.48750   1.28361  -0.00294  -2.61581   0.00000   0.46139 
s   0.02960   0.48750   1.28361  -0.00294  -2.61581   0.00000   0.46530 
s   0.02960   0.48750   1.28361  -0.00294  -2.61581   0.00000   0.45846 
s   0.02960   0.48750   1.28361  -0.00294  -2.61581   0.00000   0.46628 
s   0.02960   0.48750   1.28361  -0.00294  -2.61581   0.00000   0.46237 
s   0.02960   0.48750   1.28361  -0.00294  -2.61581   0.00000   0.46628 
s   0.02960   0.48750   1.28361  -0.00294  -2.61581   0.00000   0.45943 
s   0.02960   0.48750   1.28361  -0.00294  -2.61581   0.00000   0.46139 
s   0.02960   0.48750   1.28361  -0.00294  -2.61581   0.00000   0.45650 
s   0.02960   0.48750   1.28361  -0.00294  -2.61581   0.00000   0.46628 
s   0.02960   0.48750   1.28361  -0.00294  -2.61581   0.00000   0.45943 
s   0.02960   0.48750   1.28361  -0.00294  -2.61581   0.00000   0.45943 
s   0.02960   0.48750   1.28361  -0.00294  -2.61581   0.00000   0.46334 
s   0.02960   0.48750   1.28361  -0.00294  -2.61581   0.00000   0.45064 
s   0.02960   0.48750   1.28361  -0.00294  -2.61581   0.00000   0.42033 
s   0.02960   0.48750   1.28361  -0.00294  -2.61581   0.00000   0.37732 
s   0.02960   0.48750   1.28361  -0.00294  -2.61581   0.00000   0.00000 
b   0.01000   0.00000   0.00000   0.00000   0.00000   0.00000   0.00000   0.00000   0.00000   0.00000   0.00000   0.00000   0.00000   0.00000   0.00000   0.00000   0.00000   0.00000   0.00000   0.00000   0.00000   0.00000   0.00000   0.00000   0.00000   0.01000   0.00000   0.00000   0.00000   0.00000 
s   2.53693   0.48750   1.40053  -0.00294  -2.61581   0.00000   0.00000 
s   2.57591  -0.90913   1.43951 -16.41152 -29.18933   0.00000   0.62072 
s   2.50690  -0.96851   1.40193 -16.33080 -28.87785   0.00000   0.64712 
s   2.57284  -1.05209   1.45420 -15.86313 -29.04556   0.00000   0.68426 
s   2.59802  -1.11367   1.48195 -15.81610 -29.06197   0.00000   0.71163 
s   2.68888  -1.19065   1.56007 -14.82215 -28.37542   0.00000   0.74585 
s   2.72964  -1.22364   1.60281 -14.72448 -28.30613   0.00000   0.76051 
s   2.75581  -1.23024   1.61618 -14.63777 -27.23944   0.00000   0.76344 
s   2.78534  -1.22584   1.62950 -14.62766 -27.13300   0.00000   0.76149 
s   2.86364  -1.26983   1.69449 -13.26099 -26.60396   0.00000   0.78104 
s   2.90383  -1.29402   1.72568 -13.12686 -26.54896   0.00000   0.79179 
s   2.91695  -1.29622   1.73919 -13.11347 -26.54344   0.00000   0.79277 
s   2.94295  -1.32262   1.76522 -13.11214 -26.54288   0.00000   0.80450 
s   2.95594  -1.32042   1.76523 -13.11201 -26.54284   0.00000   0.80352 
s   2.95594  -1.30942   1.76523 -13.11199 -26.54283   0.00000   0.79863 
s   2.96893  -1.32262   1.77822 -13.11199 -26.54283   0.00000   0.80450 
s   2.96893  -1.33361   1.77822 -13.11199 -26.54283   0.00000   0.80938 
s   2.96893  -1.31382   1.77822 -13.11199 -26.54283   0.00000   0.80059 
s   2.96893  -1.32482   1.77822 -12.68327 -26.70753   0.00000   0.80547 
s   2.96893  -1.31602   1.77822 -12.64015 -26.72366   0.00000   0.80156 
s   2.96893  -1.33581   1.77822 -12.63584 -26.72527   0.00000   0.81036 
s   2.96893  -1.34241   1.77822 -12.63541 -26.72543   0.00000   0.81329 
s   2.96893  -1.28083   1.77822 -12.63536 -26.72545   0.00000   0.78592 
s   2.95513  -1.10488   1.75406 -12.63536 -26.72545   0.00000   0.70772 
s   2.92915  -0.09534   1.71509 -12.63536 -26.72545   0.00000   0.25904 
s   2.92915   0.58350   1.71509 -11.74698 -28.07332   0.00000   0.00000 
s  11.40952   0.48750  -4.45870  -0.03613  -2.74947   0.00000   0.00000 
s  11.40952   0.48750  -4.45870  -0.03613  -2.74947   0.00000   0.20430 
s  11.40952   0.48750  -4.45870  -0.03613  -2.74947   0.00000   0.22190 
s  11.40952   0.48750  -4.45870  -0.03613  -2.74947   0.00000   0.22776 
s  11.40952   0.48750  -4.45870  -0.03613  -2.74947   0.00000   0.22678 
s  11.40952   0.48750  -4.45870  -0.03613  -2.74947   0.00000   0.22678 
s  11.40952   0.48750  -4.45870  -0.03613  -2.74947   0.00000   0.23851 
s  11.40952   0.48750  -4.45870  -0.03613  -2.74947   0.00000   0.26491 
s  11.40952   0.48750  -4.45870  -0.03613  -2.74947   0.00000   0.31672 
s  11.40952   0.48750  -4.45870  -0.03613  -2.74947   0.00000   0.41740 
s  11.40952   0.48750  -4.45870  -0.03613  -2.74947   0.00000   0.48192 
s  11.40952   0.48750  -4.45870  -0.03613  -2.74947   0.00000   0.53275 
B   6.00000 
B   6.00000 
B   6.00000 
s   0.03267   0.32500   1.28353  -0.03613  -2.74947   0.00000   0.60411 
s   0.03267   0.32500   1.28353  -0.03613  -2.74947   0.00000   0.60411 
s   0.03267   0.32500   1.28353  -0.03613  -2.74947   0.00000   0.60117 
s   0.03267   0.32500   1.28353  -0.03613  -2.74947   0.00000   0.60411 
s   0.03267   0.32500   1.28353  -0.03613  -2.74947   0.00000   0.60508 
s   0.03267   0.32500   1.28353  -0.03613  -2.74947   0.00000   0.60117 
s   0.03267   0.32500   1.28353  -0.03613  -2.74947   0.00000   0.59922 
s   0.03267   0.32500   1.28353  -0.03613  -2.74947   0.00000   0.60899 
s   0.03267   0.32500   1.28353  -0.03613  -2.74947   0.00000   0.60117 
s   0.03267   0.32500   1.28353  -0.03613  -2.74947   0.00000   0.60606 
s   0.03267   0.32500   1.28353  -0.03613  -2.74947   0.00000   0.59922 
s   0.03267   0.32500   1.28353  -0.03613  -2.74947   0.00000   0.60313 
s   0.03267   0.32500   1.28353  -0.03613  -2.74947   0.00000   0.60313 
s   0.03267   0.32500   1.28353  -0.03613  -2.74947   0.00000   0.60802 
s   0.03267   0.32500   1.28353  -0.03613  -2.74947   0.00000   0.59922 
s   0.03267   0.32500   1.28353  -0.03613  -2.74947   0.00000   0.60117 
s   0.03267   0.32500   1.28353  -0.03613  -2.74947   0.00000   0.60411 
s   0.03267   0.32500   1.28353  -0.03613  -2.74947   0.00000   0.59922 
s   0.03267   0.32500   1.28353  -0.03613  -2.74947   0.00000   0.24340 
s   0.03267   0.32500   1.28353  -0.03613  -2.74947   0.00000   0.00000 
b   0.01000   0.00000   0.00000   0.00000   0.00000   0.00000   0.00000   0.00000   0.00000   0.00000   0.00000   0.00000   0.00000   0.00000   0.00000   0.00000   0.00000   0.00000   0.00000   0.00000   0.00000   0.00000   0.00000   0.00000   0.00000   0.01000   0.00000   0.00000   0.00000   0.00000 
s   1.86446   0.32500   2.45275  -0.03613  -2.74947   0.00000   0.00000 
s   1.87745  -0.65007   2.50472 -16.40636 -29.19146   0.00000   0.65005 
s   1.87942  -0.76444   2.55338 -15.77714 -28.00635   0.00000   0.72630 
s   1.93378  -0.78937   2.60693 -15.71452 -27.88822   0.00000   0.74291 
s   1.99898  -0.81430   2.64606 -15.70827 -27.87641   0.00000   0.75953 
s   2.05097  -0.83629   2.68505 -14.73302 -27.19736   0.00000   0.77419 
s   2.09116  -0.84802   2.71350 -14.63716 -27.12880   0.00000   0.78201 
s   2.11727  -0.86855   2.72673 -14.62759 -27.12194   0.00000   0.79570 
s   2.11727  -0.86122   2.72673 -14.62663 -27.12125   0.00000   0.79081 
s   2.11727  -0.86855   2.72673 -14.62654 -27.12119   0.00000   0.79570 
s   2.11727  -0.88468   2.72673 -14.62653 -27.12118   0.00000   0.80645 
s   2.13027  -0.88321   2.72676 -14.62653 -27.12118   0.00000   0.80547 
s   2.13027  -0.87881   2.72676 -14.62653 -27.12118   0.00000   0.80254 
s   2.13027  -0.86122   2.72676 -13.26091 -26.60278   0.00000   0.79081 
s   2.13027  -0.77911   2.72676 -13.12685 -26.54884   0.00000   0.73607 
s   2.10516  -0.35095   2.69160 -12.68475 -26.70815   0.00000   0.45064 
s   2.07870   0.38900   2.57580 -12.66350 -27.76768   0.00000   0.00000 
s  10.82498   0.32500  -3.84807  -0.04043  -4.09857   0.00000   0.00000 
s  10.82498   0.32500  -3.84807  -0.04043  -4.09857   0.00000   0.25513 
s  10.82498   0.32500  -3.84807  -0.04043  -4.09857   0.00000   0.33529 
s  10.82498   0.32500  -3.84807  -0.04043  -4.09857   0.00000   0.41447 
s  10.82498   0.32500  -3.84807  -0.04043  -4.09857   0.00000   0.43206 
s  10.82498   0.32500  -3.84807  -0.04043  -4.09857   0.00000   0.45846 
s  10.82498   0.32500  -3.84807  -0.04043  -4.09857   0.00000   0.47898 
s  10.82498   0.32500  -3.84807  -0.04043  -4.09857   0.00000   0.47312 
s  10.82498   0.32500  -3.84807  -0.04043  -4.09857   0.00000   0.49560 
B   5.00000 
B   5.00000 
B   5.00000 
s   0.03183   0.24375   1.28354  -0.04043  -4.09857   0.00000   0.52688 
s   0.03183   0.24375   1.28354  -0.04043  -4.09857   0.00000   0.52395 
s   0.03183   0.24375   1.28354  -0.04043  -4.09857   0.00000   0.53275 
s   0.03183   0.24375   1.28354  -0.04043  -4.09857   0.00000   0.53763 
s   0.03183   0.24375   1.28354  -0.04043  -4.09857   0.00000   0.53079 
s   0.03183   0.24375   1.28354  -0.04043  -4.09857   0.00000   0.53079 
s   0.03183   0.24375   1.28354  -0.04043  -4.09857   0.00000   0.54154 
s   0.03183   0.24375   1.28354  -0.04043  -4.09857   0.00000   0.53861 
s   0.03183   0.24375   1.28354  -0.04043  -4.09857   0.00000   0.54057 
s   0.03183   0.24375   1.28354  -0.04043  -4.09857   0.00000   0.54545 
s   0.03183   0.24375   1.28354  -0.04043  -4.09857   0.00000   0.55034 
s   0.03183   0.24375   1.28354  -0.04043  -4.09857   0.00000   0.55230 
s   0.03183   0.24375   1.28354  -0.04043  -4.09857   0.00000   0.54643 
s   0.03183   0.24375   1.28354  -0.04043  -4.09857   0.00000   0.54839 
s   0.03183   0.24375   1.28354  -0.04043  -4.09857   0.00000   0.53079 
s   0.03183   0.24375   1.28354  -0.04043  -4.09857   0.00000   0.00000 
b   0.01000   0.00000   0.00000   0.00000   0.00000   0.00000   0.00000   0.00000   0.00000   0.00000   0.00000   0.00000   0.00000   0.00000   0.00000   0.00000   0.00000   0.00000   0.00000   0.00000   0.00000   0.00000   0.00000   0.00000   0.00000   0.01000   0.00000   0.00000   0.00000   0.00000 
s   1.16208   0.24375   3.07635  -0.04043  -4.09857   0.00000   0.00000 
s   1.13609  -0.52275   3.10233 -15.69322 -28.26501   0.00000   0.68133 
s   1.11883  -0.55794   3.11096 -15.70634 -27.91408   0.00000   0.71261 
s   1.21036  -0.58543   3.22786 -15.70745 -27.87899   0.00000   0.73705 
s   1.23640  -0.58323   3.26683 -14.73294 -27.19761   0.00000   0.73509 
s   1.31526  -0.59533   3.35961 -13.27108 -26.61068   0.00000   0.74585 
s   1.32893  -0.60412   3.36240 -13.12787 -26.54964   0.00000   0.75367 
s   1.32893  -0.61182   3.36240 -13.11357 -26.54351   0.00000   0.76051 
s   1.32893  -0.60192   3.36240 -12.68343 -26.70760   0.00000   0.75171 
s   1.30267  -0.43587   3.29857 -12.64017 -26.72367   0.00000   0.60411 
s   1.28964   0.29175   3.27267 -12.63584 -26.72527   0.00000   0.00000 
s  11.34684   0.24375  -5.35049   2.28163   2.28163   0.00000   0.00000 
s  11.34684   0.24375  -5.35049   2.28163   2.28163   0.00000   0.15347 
s  11.34684   0.24375  -5.35049   2.28163   2.28163   0.00000   0.35484 
s  11.34684   0.24375  -5.35049   2.28163   2.28163   0.00000   0.42424 
s  11.34684   0.24375  -5.35049   2.28163   2.28163   0.00000   0.44184 
s  11.34684   0.24375  -5.35049   2.28163   2.28163   0.00000   0.50147 
s  11.34684   0.24375  -5.35049   2.28163   2.28163   0.00000   0.50342 
s  11.34684   0.24375  -5.35049   2.28163   2.28163   0.00000   0.51417 
B   4.00000 
B   4.00000 
B   4.00000 
s   0.04285   0.16250   1.28661   2.28163   2.28163   0.00000   0.55914 
s   0.04285   0.16250   1.28661   2.28163   2.28163   0.00000   0.57185 
s   0.04285   0.16250   1.28661   2.28163   2.28163   0.00000   0.57674 
s   0.04285   0.16250   1.28661   2.28163   2.28163   0.00000   0.57478 
s   0.04285   0.16250   1.28661   2.28163   2.28163   0.00000   0.56989 
s   0.04285   0.16250   1.28661   2.28163   2.28163   0.00000   0.58065 
s   0.04285   0.16250   1.28661   2.28163   2.28163   0.00000   0.57869 
s   0.04285   0.16250   1.28661   2.28163   2.28163   0.00000   0.57185 
s   0.04285   0.16250   1.28661   2.28163   2.28163   0.00000   0.57967 
s   0.04285   0.16250   1.28661   2.28163   2.28163   0.00000   0.57185 
s   0.04285   0.16250   1.28661   2.28163   2.28163   0.00000   0.57869 
s   0.04285   0.16250   1.28661   2.28163   2.28163   0.00000   0.57283 
s   0.04285   0.16250   1.28661   2.28163   2.28163   0.00000   0.56891 
s   0.04285   0.16250   1.28661   2.28163   2.28163   0.00000   0.56891 
s   0.04285   0.16250   1.28661   2.28163   2.28163   0.00000   0.46530 
s   0.04285   0.16250   1.28661   2.28163   2.28163   0.00000   0.32160 
s   0.04285   0.16250   1.28661   2.28163   2.28163   0.00000   0.00000 
b   0.01000   0.00000   0.00000   0.00000   0.00000   0.00000   0.00000   0.00000   0.00000   0.00000   0.00000   0.00000   0.00000   0.00000   0.00000   0.00000   0.00000   0.00000   0.00000   0.00000   0.00000   0.00000   0.00000   0.00000   0.00000   0.01000   0.00000   0.00000   0.00000   0.00000 
s   0.14678   0.16250   3.39121   2.28163   2.28163   0.00000   0.00000 
s   0.13379  -0.36609   3.41719 -16.41049 -29.30151   0.00000   0.70479 
s   0.19953  -0.40348   3.50994 -15.87049 -29.08783   0.00000   0.75464 
s   0.26463  -0.40935   3.57558 -15.72517 -27.99609   0.00000   0.76246 
s   0.27880  -0.41375   3.58875 -15.70934 -27.88720   0.00000   0.76833 
s   0.30490  -0.42108   3.60176 -15.70775 -27.87631   0.00000   0.77810 
s   0.30491  -0.41521   3.61476 -14.81426 -28.25767   0.00000   0.77028 
s   0.30491  -0.41301   3.61476 -14.72371 -28.29436   0.00000   0.76735 
s   0.30491  -0.41741   3.61476 -14.71465 -28.29801   0.00000   0.77322 
s   0.29129  -0.37416   3.59003 -14.71374 -28.29838   0.00000   0.71554 
s   0.26531  -0.27078   3.55105 -14.71365 -28.29841   0.00000   0.57771 
s   0.25232   0.19450   3.52507 -13.33014 -28.81877   0.00000   0.00000 
s  11.60097   0.16250  -4.58848   0.00000  -1.94816   0.00000   0.00000 
s  11.60097   0.16250  -4.58848   0.00000  -1.94816   0.00000   0.34409 
s  11.60097   0.16250  -4.58848   0.00000  -1.94816   0.00000   0.39394 
s  11.60097   0.16250  -4.58848   0.00000  -1.94816   0.00000   0.42326 
s  11.60097   0.16250  -4.58848   0.00000  -1.94816   0.00000   0.46823 
s  11.60097   0.16250  -4.58848   0.00000  -1.94816   0.00000   0.46823 
s  11.60097   0.16250  -4.58848   0.00000  -1.94816   0.00000   0.48974 
B   3.00000 
B   3.00000 
B   3.00000 
s   0.03796   0.12188   1.28362   0.00000  -1.94816   0.00000   0.51026 
s   0.03796   0.12188   1.28362   0.00000  -1.94816   0.00000   0.52688 
s   0.03796   0.12188   1.28362   0.00000  -1.94816   0.00000   0.53568 
s   0.03796   0.12188   1.28362   0.00000  -1.94816   0.00000   0.54154 
s   0.03796   0.12188   1.28362   0.00000  -1.94816   0.00000   0.54448 
s   0.03796   0.12188   1.28362   0.00000  -1.94816   0.00000   0.54448 
s   0.03796   0.12188   1.28362   0.00000  -1.94816   0.00000   0.54936 
s   0.03796   0.12188   1.28362   0.00000  -1.94816   0.00000   0.54154 
s   0.03796   0.12188   1.28362   0.00000  -1.94816   0.00000   0.54839 
s   0.03796   0.12188   1.28362   0.00000  -1.94816   0.00000   0.54154 
s   0.03796   0.12188   1.28362   0.00000  -1.94816   0.00000   0.55034 
s   0.03796   0.12188   1.28362   0.00000  -1.94816   0.00000   0.54057 
s   0.03796   0.12188   1.28362   0.00000  -1.94816   0.00000   0.48974 
s   0.03796   0.12188   1.28362   0.00000  -1.94816   0.00000   0.14076 
s   0.03796   0.12188   1.28362   0.00000  -1.94816   0.00000   0.00000 
b   0.01000   0.00000   0.00000   0.00000   0.00000   0.00000   0.00000   0.00000   0.00000   0.00000   0.00000   0.00000   0.00000   0.00000   0.00000   0.00000   0.00000   0.00000   0.00000   0.00000   0.00000   0.00000   0.00000   0.00000   0.00000   0.01000   0.00000   0.00000   0.00000   0.00000 
s  -0.84546   0.12188   3.45318   0.00000  -1.94816   0.00000   0.00000 
s  -0.83247  -0.26137   3.49216 -15.93145 -29.49207   0.00000   0.68133 
s  -0.84419  -0.26797   3.50270 -15.82302 -29.10657   0.00000   0.69306 
s  -0.79192  -0.28887   3.56776 -15.81209 -29.06807   0.00000   0.73021 
s  -0.77890  -0.29601   3.58076 -15.81100 -29.06421   0.00000   0.74291 
s  -0.75291  -0.29766   3.60674 -14.36465 -28.55672   0.00000   0.74585 
s  -0.73968  -0.29436   3.62110 -14.22246 -28.50387   0.00000   0.73998 
s  -0.73968  -0.30151   3.62110 -14.20826 -28.49856   0.00000   0.75269 
s  -0.73968  -0.29546   3.62110 -14.20685 -28.49803   0.00000   0.74194 
s  -0.73965  -0.27292   3.58228 -14.20671 -28.49798   0.00000   0.70186 
s  -0.73965  -0.22673   3.55630 -14.20669 -28.49797   0.00000   0.61975 
s  -0.76563   0.14587   3.54331 -13.27802 -28.83692   0.00000   0.00000 
s  11.61975   0.12188  -5.03099  -1.01989 -13.81756   0.00000   0.00000 
s  11.61975   0.12188  -5.03099  -1.01989 -13.81756   0.00000   0.42620 
s  11.61975   0.12188  -5.03099  -1.01989 -13.81756   0.00000   0.47019 
s  11.61975   0.12188  -5.03099  -1.01989 -13.81756   0.00000   0.57185 
s  11.61975   0.12188  -5.03099  -1.01989 -13.81756   0.00000   0.61779 
s  11.61975   0.12188  -5.03099  -1.01989 -13.81756   0.00000   0.63636 
s  11.61975   0.12188  -5.03099  -1.01989 -13.81756   0.00000   0.63832 
B   2.00000 
B   2.00000 
B   2.00000 
s   0.03091   0.08125   1.28295  -1.01989 -13.81756   0.00000   0.63832 
s   0.03091   0.08125   1.28295  -1.01989 -13.81756   0.00000   0.64321 
s   0.03091   0.08125   1.28295  -1.01989 -13.81756   0.00000   0.64321 
s   0.03091   0.08125   1.28295  -1.01989 -13.81756   0.00000   0.64027 
s   0.03091   0.08125   1.28295  -1.01989 -13.81756   0.00000   0.64809 
s   0.03091   0.08125   1.28295  -1.01989 -13.81756   0.00000   0.64614 
s   0.03091   0.08125   1.28295  -1.01989 -13.81756   0.00000   0.65103 
s   0.03091   0.08125   1.28295  -1.01989 -13.81756   0.00000   0.64223 
s   0.03091   0.08125   1.28295  -1.01989 -13.81756   0.00000   0.64907 
s   0.03091   0.08125   1.28295  -1.01989 -13.81756   0.00000   0.64418 
s   0.03091   0.08125   1.28295  -1.01989 -13.81756   0.00000   0.64027 
s   0.03091   0.08125   1.28295  -1.01989 -13.81756   0.00000   0.61388 
s   0.03091   0.08125   1.28295  -1.01989 -13.81756   0.00000   0.45650 
s   0.03091   0.08125   1.28295  -1.01989 -13.81756   0.00000   0.00000 
b   0.01000   0.00000   0.00000   0.00000   0.00000   0.00000   0.00000   0.00000   0.00000   0.00000   0.00000   0.00000   0.00000   0.00000   0.00000   0.00000   0.00000   0.00000   0.00000   0.00000   0.00000   0.00000   0.00000   0.00000   0.00000   0.01000   0.00000   0.00000   0.00000   0.00000 
s  -1.81386   0.08125   3.12773  -1.01989 -13.81756   0.00000   0.00000 
s  -1.85284  -0.11890   3.04978 -19.87926 -31.13994   0.00000   0.53372 
s  -1.85284  -0.13832   3.04978 -19.70076 -29.91975   0.00000   0.58553 
s  -1.86149  -0.16985   3.07678 -19.49258 -28.69583   0.00000   0.66960 
s  -1.83487  -0.18048   3.12888 -19.47023 -28.57384   0.00000   0.69795 
s  -1.80883  -0.18451   3.19385 -19.46798 -28.56165   0.00000   0.70870 
s  -1.79583  -0.19111   3.23282 -19.46776 -28.56043   0.00000   0.72630 
s  -1.76984  -0.19221   3.27180 -18.58331 -29.03702   0.00000   0.72923 
s  -1.76984  -0.19184   3.27180 -18.49340 -29.08312   0.00000   0.72825 
s  -1.76984  -0.19661   3.27180 -18.48439 -29.08772   0.00000   0.74096 
s  -1.76984  -0.19368   3.27180 -18.48350 -29.08818   0.00000   0.73314 
s  -1.77023  -0.18341   3.24642 -18.48341 -29.08822   0.00000   0.70577 
s  -1.77023  -0.00966   3.16847 -18.48339 -29.08823   0.00000   0.24242 
s  -1.78322   0.09725   3.07753 -18.63192 -30.18346   0.00000   0.00000 
s  10.17214   0.08125  -6.03056  -1.68660   3.30741   0.00000   0.00000 
s  10.17214   0.08125  -6.03056  -1.68660   3.30741   0.00000   0.26295 
s  10.17214   0.08125  -6.03056  -1.68660   3.30741   0.00000   0.34018 
s  10.17214   0.08125  -6.03056  -1.68660   3.30741   0.00000   0.38612 
s  10.17214   0.08125  -6.03056  -1.68660   3.30741   0.00000   0.47312 
s  10.17214   0.08125  -6.03056  -1.68660   3.30741   0.00000   0.50147 
s  10.17214   0.08125  -6.03056  -1.68660   3.30741   0.00000   0.50049 
s  10.17214   0.08125  -6.03056  -1.68660   3.30741   0.00000   0.51808 
s  10.17214   0.08125  -6.03056  -1.68660   3.30741   0.00000   0.52297 
B   1.00000 
B   1.00000 
B   1.00000 
s   0.04095   0.04062   1.28307  -1.68660   3.30741   0.00000   0.54252 
s   0.04095   0.04062   1.28307  -1.68660   3.30741   0.00000   0.54643 
s   0.04095   0.04062   1.28307  -1.68660   3.30741   0.00000   0.55132 
s   0.04095   0.04062   1.28307  -1.68660   3.30741   0.00000   0.55034 
s   0.04095   0.04062   1.28307  -1.68660   3.30741   0.00000   0.55523 
s   0.04095   0.04062   1.28307  -1.68660   3.30741   0.00000   0.54643 
s   0.04095   0.04062   1.28307  -1.68660   3.30741   0.00000   0.55327 
s   0.04095   0.04062   1.28307  -1.68660   3.30741   0.00000   0.54643 
s   0.04095   0.04062   1.28307  -1.68660   3.30741   0.00000   0.55425 
s   0.04095   0.04062   1.28307  -1.68660   3.30741   0.00000   0.55132 
s   0.04095   0.04062   1.28307  -1.68660   3.30741   0.00000   0.55132 
s   0.04095   0.04062   1.28307  -1.68660   3.30741   0.00000   0.43011 
s   0.04095   0.04062   1.28307  -1.68660   3.30741   0.00000   0.14565 
s   0.04095   0.04062   1.28307  -1.68660   3.30741   0.00000   0.00000 
b   0.01000   0.00000   0.00000   0.00000   0.00000   0.00000   0.00000   0.00000   0.00000   0.00000   0.00000   0.00000   0.00000   0.00000   0.00000   0.00000   0.00000   0.00000   0.00000   0.00000   0.00000   0.00000   0.00000   0.00000   0.00000   0.01000   0.00000   0.00000   0.00000   0.00000 
s  -2.32348   0.04062   2.23144  -1.68660   3.30741   0.00000   0.00000 
s  -2.34946  -0.08071   2.16648 -18.61206 -30.46519   0.00000   0.64712 
s  -2.34946  -0.08712   2.16648 -18.64350 -30.32141   0.00000   0.68133 
s  -2.35951  -0.09720   2.18702 -19.39250 -28.73831   0.00000   0.73509 
s  -2.33306  -0.10069   2.23876 -19.46028 -28.57811   0.00000   0.75367 
s  -2.32003  -0.09959   2.25173 -18.58249 -29.03875   0.00000   0.74780 
s  -2.29421  -0.10069   2.27798 -18.49332 -29.08330   0.00000   0.75367 
s  -2.28124  -0.10215   2.29100 -18.48438 -29.08774   0.00000   0.76149 
s  -2.28124  -0.10050   2.29100 -18.48349 -29.08818   0.00000   0.75269 
s  -2.28124  -0.09995   2.29100 -18.02974 -29.31446   0.00000   0.74976 
s  -2.28132  -0.07668   2.23918 -17.98400 -29.33670   0.00000   0.62561 
s  -2.29432  -0.00446   2.14825 -17.97943 -29.33892   0.00000   0.24047 
s  -2.29432   0.04862   2.14825 -17.97897 -29.33914   0.00000   0.00000 
s  11.78869   0.04063  -6.64144  -1.00357 -26.51239   0.00000   0.00000 
s  11.78869   0.04063  -6.64144  -1.00357 -26.51239   0.00000   0.40469 
s  11.78869   0.04063  -6.64144  -1.00357 -26.51239   0.00000   0.48778 
B   0.00000 
B   0.00000 
B   0.00000 
s   0.03652   0.01625   1.28349  -1.00357 -26.51239   0.00000   0.59824 
s   0.03652   0.01625   1.28349  -1.00357 -26.51239   0.00000   0.60313 
s   0.03652   0.01625   1.28349  -1.00357 -26.51239   0.00000   0.59433 
s   0.03652   0.01625   1.28349  -1.00357 -26.51239   0.00000   0.56012 
s   0.03652   0.01625   1.28349  -1.00357 -26.51239   0.00000   0.49756 
s   0.03652   0.01625   1.28349  -1.00357 -26.51239   0.00000   0.18475 
s   0.03652   0.01625   1.28349  -1.00357 -26.51239   0.00000   0.00000 
b   0.01000   0.00000   0.00000   0.00000   0.00000   0.00000   0.00000   0.00000   0.00000   0.00000   0.00000   0.00000   0.00000   0.00000   0.00000   0.00000   0.00000   0.00000   0.00000   0.00000   0.00000   0.00000   0.00000   0.00000   0.00000   0.01000   0.00000   0.00000   0.00000   0.00000 
s  -2.13304   0.01625   1.03665  -1.00357 -26.51239   0.00000   0.00000 
s  -2.15902  -0.03661   1.01067 -17.84060 -29.53384   0.00000   0.70479 
s  -2.15902  -0.03771   1.01067 -17.96520 -29.35867   0.00000   0.71945 
s  -2.15902  -0.04035   1.01067 -17.82683 -28.25396   0.00000   0.75464 
s  -2.15902  -0.04079   1.01067 -17.81158 -28.14378   0.00000   0.76051 
s  -2.15904  -0.04167   1.02150 -17.81004 -28.13277   0.00000   0.77224 
s  -2.15904  -0.04299   1.04748 -17.80989 -28.13167   0.00000   0.78983 
s  -2.14605  -0.04255   1.06047 -17.63267 -27.05075   0.00000   0.78397 
s  -2.13294  -0.04299   1.08648 -17.61365 -26.94300   0.00000   0.78983 
s  -2.11994  -0.04357   1.08648 -16.76912 -27.37318   0.00000   0.79765 
s  -2.11994  -0.04365   1.08648 -16.68341 -27.41475   0.00000   0.79863 
s  -2.11994  -0.04299   1.08648 -16.67484 -27.41890   0.00000   0.78983 
s  -2.11994  -0.04211   1.08648 -16.67397 -27.41930   0.00000   0.77810 
s  -2.12001  -0.03969   1.06062 -16.67389 -27.41935   0.00000   0.74585 
s  -2.13300  -0.03646   1.03463 -16.67388 -27.41935   0.00000   0.70283 
s  -2.17197  -0.01689   0.99566 -16.67388 -27.41935   0.00000   0.44184 
s  -2.19796   0.01945   0.96968 -15.80546 -27.83098   0.00000   0.00000 
s  -5.00441   0.01625  -7.71940 -16.22774 -47.60901   0.00000   0.00000 
s  -5.00441   0.01625  -7.71940 -16.22774 -47.60901   0.00000   0.47996 
s  -5.00441   0.01625  -7.71940 -16.22774 -47.60901   0.00000   0.36070 
